{
 "cells": [
  {
   "cell_type": "code",
   "execution_count": 1,
   "id": "861555bb-b5bd-4cfa-a149-818a437d7871",
   "metadata": {},
   "outputs": [],
   "source": [
    "import pandas as pd\n"
   ]
  },
  {
   "cell_type": "code",
   "execution_count": 2,
   "id": "fc0c5fa4-f362-480d-a081-342489408aa4",
   "metadata": {},
   "outputs": [
    {
     "name": "stdout",
     "output_type": "stream",
     "text": [
      "['ArrowDtype', 'BooleanDtype', 'Categorical', 'CategoricalDtype', 'CategoricalIndex', 'DataFrame', 'DateOffset', 'DatetimeIndex', 'DatetimeTZDtype', 'ExcelFile', 'ExcelWriter', 'Flags', 'Float32Dtype', 'Float64Dtype', 'Float64Index', 'Grouper', 'HDFStore', 'Index', 'IndexSlice', 'Int16Dtype', 'Int32Dtype', 'Int64Dtype', 'Int64Index', 'Int8Dtype', 'Interval', 'IntervalDtype', 'IntervalIndex', 'MultiIndex', 'NA', 'NaT', 'NamedAgg', 'Period', 'PeriodDtype', 'PeriodIndex', 'RangeIndex', 'Series', 'SparseDtype', 'StringDtype', 'Timedelta', 'TimedeltaIndex', 'Timestamp', 'UInt16Dtype', 'UInt32Dtype', 'UInt64Dtype', 'UInt64Index', 'UInt8Dtype', '__all__', '__builtins__', '__cached__', '__deprecated_num_index_names', '__dir__', '__doc__', '__docformat__', '__file__', '__getattr__', '__git_version__', '__loader__', '__name__', '__package__', '__path__', '__spec__', '__version__', '_config', '_is_numpy_dev', '_libs', '_testing', '_typing', '_version', 'annotations', 'api', 'array', 'arrays', 'bdate_range', 'compat', 'concat', 'core', 'crosstab', 'cut', 'date_range', 'describe_option', 'errors', 'eval', 'factorize', 'from_dummies', 'get_dummies', 'get_option', 'infer_freq', 'interval_range', 'io', 'isna', 'isnull', 'json_normalize', 'lreshape', 'melt', 'merge', 'merge_asof', 'merge_ordered', 'notna', 'notnull', 'offsets', 'option_context', 'options', 'pandas', 'period_range', 'pivot', 'pivot_table', 'plotting', 'qcut', 'read_clipboard', 'read_csv', 'read_excel', 'read_feather', 'read_fwf', 'read_gbq', 'read_hdf', 'read_html', 'read_json', 'read_orc', 'read_parquet', 'read_pickle', 'read_sas', 'read_spss', 'read_sql', 'read_sql_query', 'read_sql_table', 'read_stata', 'read_table', 'read_xml', 'reset_option', 'set_eng_float_format', 'set_option', 'show_versions', 'test', 'testing', 'timedelta_range', 'to_datetime', 'to_numeric', 'to_pickle', 'to_timedelta', 'tseries', 'unique', 'util', 'value_counts', 'wide_to_long']\n"
     ]
    }
   ],
   "source": [
    "print(dir(pd))"
   ]
  },
  {
   "cell_type": "code",
   "execution_count": 3,
   "id": "0cea88f5-9b4e-4819-a7f4-cace0d621be4",
   "metadata": {},
   "outputs": [],
   "source": [
    "value = {\n",
    "    'name' : [\"a\", \"b\", \"c\", \"d\"],\n",
    "    'marks' : [11, 44, 89, 98],\n",
    "    'city' : [\"K\" , \"TTKT\", \"MMM\" ]\n",
    "}"
   ]
  },
  {
   "cell_type": "code",
   "execution_count": 4,
   "id": "b0d73610-8c95-4a42-b44b-a380abd79c05",
   "metadata": {},
   "outputs": [
    {
     "name": "stdout",
     "output_type": "stream",
     "text": [
      "<class 'dict'>\n"
     ]
    }
   ],
   "source": [
    "print(type(value))"
   ]
  },
  {
   "cell_type": "code",
   "execution_count": 5,
   "id": "a40d46ce-cda0-412e-afdc-305fe4c1dacf",
   "metadata": {},
   "outputs": [],
   "source": [
    "import numpy as np\n",
    "import pandas as pd"
   ]
  },
  {
   "cell_type": "code",
   "execution_count": 7,
   "id": "fc3b1abf-e003-4d94-8a49-913966504802",
   "metadata": {},
   "outputs": [],
   "source": [
    "a = pd.DataFrame(np.random.rand(334,5))"
   ]
  },
  {
   "cell_type": "code",
   "execution_count": 8,
   "id": "900b3a47-79a6-4a35-8060-3aab7aa3f175",
   "metadata": {},
   "outputs": [
    {
     "data": {
      "text/html": [
       "<div>\n",
       "<style scoped>\n",
       "    .dataframe tbody tr th:only-of-type {\n",
       "        vertical-align: middle;\n",
       "    }\n",
       "\n",
       "    .dataframe tbody tr th {\n",
       "        vertical-align: top;\n",
       "    }\n",
       "\n",
       "    .dataframe thead th {\n",
       "        text-align: right;\n",
       "    }\n",
       "</style>\n",
       "<table border=\"1\" class=\"dataframe\">\n",
       "  <thead>\n",
       "    <tr style=\"text-align: right;\">\n",
       "      <th></th>\n",
       "      <th>0</th>\n",
       "      <th>1</th>\n",
       "      <th>2</th>\n",
       "      <th>3</th>\n",
       "      <th>4</th>\n",
       "    </tr>\n",
       "  </thead>\n",
       "  <tbody>\n",
       "    <tr>\n",
       "      <th>0</th>\n",
       "      <td>0.350258</td>\n",
       "      <td>0.242073</td>\n",
       "      <td>0.246119</td>\n",
       "      <td>0.771142</td>\n",
       "      <td>0.581414</td>\n",
       "    </tr>\n",
       "    <tr>\n",
       "      <th>1</th>\n",
       "      <td>0.384319</td>\n",
       "      <td>0.038564</td>\n",
       "      <td>0.491043</td>\n",
       "      <td>0.819807</td>\n",
       "      <td>0.205077</td>\n",
       "    </tr>\n",
       "    <tr>\n",
       "      <th>2</th>\n",
       "      <td>0.489297</td>\n",
       "      <td>0.150931</td>\n",
       "      <td>0.739499</td>\n",
       "      <td>0.106186</td>\n",
       "      <td>0.472169</td>\n",
       "    </tr>\n",
       "  </tbody>\n",
       "</table>\n",
       "</div>"
      ],
      "text/plain": [
       "          0         1         2         3         4\n",
       "0  0.350258  0.242073  0.246119  0.771142  0.581414\n",
       "1  0.384319  0.038564  0.491043  0.819807  0.205077\n",
       "2  0.489297  0.150931  0.739499  0.106186  0.472169"
      ]
     },
     "execution_count": 8,
     "metadata": {},
     "output_type": "execute_result"
    }
   ],
   "source": [
    "a.head(3)"
   ]
  },
  {
   "cell_type": "code",
   "execution_count": 19,
   "id": "c4fdb618-cc06-4847-82d1-fd55e64fbccf",
   "metadata": {},
   "outputs": [
    {
     "data": {
      "text/html": [
       "<div>\n",
       "<style scoped>\n",
       "    .dataframe tbody tr th:only-of-type {\n",
       "        vertical-align: middle;\n",
       "    }\n",
       "\n",
       "    .dataframe tbody tr th {\n",
       "        vertical-align: top;\n",
       "    }\n",
       "\n",
       "    .dataframe thead th {\n",
       "        text-align: right;\n",
       "    }\n",
       "</style>\n",
       "<table border=\"1\" class=\"dataframe\">\n",
       "  <thead>\n",
       "    <tr style=\"text-align: right;\">\n",
       "      <th></th>\n",
       "      <th>0</th>\n",
       "      <th>1</th>\n",
       "      <th>2</th>\n",
       "      <th>3</th>\n",
       "      <th>4</th>\n",
       "    </tr>\n",
       "  </thead>\n",
       "  <tbody>\n",
       "    <tr>\n",
       "      <th>331</th>\n",
       "      <td>0.708798</td>\n",
       "      <td>0.492443</td>\n",
       "      <td>0.288659</td>\n",
       "      <td>0.441758</td>\n",
       "      <td>0.181246</td>\n",
       "    </tr>\n",
       "    <tr>\n",
       "      <th>332</th>\n",
       "      <td>0.817970</td>\n",
       "      <td>0.753625</td>\n",
       "      <td>0.446738</td>\n",
       "      <td>0.333497</td>\n",
       "      <td>0.040549</td>\n",
       "    </tr>\n",
       "    <tr>\n",
       "      <th>333</th>\n",
       "      <td>0.243786</td>\n",
       "      <td>0.379354</td>\n",
       "      <td>0.795621</td>\n",
       "      <td>0.431497</td>\n",
       "      <td>0.883825</td>\n",
       "    </tr>\n",
       "  </tbody>\n",
       "</table>\n",
       "</div>"
      ],
      "text/plain": [
       "            0         1         2         3         4\n",
       "331  0.708798  0.492443  0.288659  0.441758  0.181246\n",
       "332  0.817970  0.753625  0.446738  0.333497  0.040549\n",
       "333  0.243786  0.379354  0.795621  0.431497  0.883825"
      ]
     },
     "execution_count": 19,
     "metadata": {},
     "output_type": "execute_result"
    }
   ],
   "source": [
    "a.tail(3)\n"
   ]
  },
  {
   "cell_type": "code",
   "execution_count": 20,
   "id": "17ed2329-f838-4ba7-9e9e-1f2830e9b422",
   "metadata": {},
   "outputs": [
    {
     "data": {
      "text/html": [
       "<div>\n",
       "<style scoped>\n",
       "    .dataframe tbody tr th:only-of-type {\n",
       "        vertical-align: middle;\n",
       "    }\n",
       "\n",
       "    .dataframe tbody tr th {\n",
       "        vertical-align: top;\n",
       "    }\n",
       "\n",
       "    .dataframe thead th {\n",
       "        text-align: right;\n",
       "    }\n",
       "</style>\n",
       "<table border=\"1\" class=\"dataframe\">\n",
       "  <thead>\n",
       "    <tr style=\"text-align: right;\">\n",
       "      <th></th>\n",
       "      <th>0</th>\n",
       "      <th>2</th>\n",
       "      <th>3</th>\n",
       "      <th>4</th>\n",
       "    </tr>\n",
       "  </thead>\n",
       "  <tbody>\n",
       "    <tr>\n",
       "      <th>count</th>\n",
       "      <td>334.000000</td>\n",
       "      <td>334.000000</td>\n",
       "      <td>334.000000</td>\n",
       "      <td>334.000000</td>\n",
       "    </tr>\n",
       "    <tr>\n",
       "      <th>mean</th>\n",
       "      <td>0.513154</td>\n",
       "      <td>0.486454</td>\n",
       "      <td>0.492291</td>\n",
       "      <td>0.503541</td>\n",
       "    </tr>\n",
       "    <tr>\n",
       "      <th>std</th>\n",
       "      <td>0.290124</td>\n",
       "      <td>0.288798</td>\n",
       "      <td>0.284860</td>\n",
       "      <td>0.284230</td>\n",
       "    </tr>\n",
       "    <tr>\n",
       "      <th>min</th>\n",
       "      <td>0.002170</td>\n",
       "      <td>0.001918</td>\n",
       "      <td>0.007125</td>\n",
       "      <td>0.007061</td>\n",
       "    </tr>\n",
       "    <tr>\n",
       "      <th>25%</th>\n",
       "      <td>0.266834</td>\n",
       "      <td>0.240380</td>\n",
       "      <td>0.259064</td>\n",
       "      <td>0.262097</td>\n",
       "    </tr>\n",
       "    <tr>\n",
       "      <th>50%</th>\n",
       "      <td>0.502420</td>\n",
       "      <td>0.474988</td>\n",
       "      <td>0.476798</td>\n",
       "      <td>0.513544</td>\n",
       "    </tr>\n",
       "    <tr>\n",
       "      <th>75%</th>\n",
       "      <td>0.782008</td>\n",
       "      <td>0.730543</td>\n",
       "      <td>0.723930</td>\n",
       "      <td>0.747131</td>\n",
       "    </tr>\n",
       "    <tr>\n",
       "      <th>max</th>\n",
       "      <td>0.991451</td>\n",
       "      <td>0.996275</td>\n",
       "      <td>0.985496</td>\n",
       "      <td>0.988636</td>\n",
       "    </tr>\n",
       "  </tbody>\n",
       "</table>\n",
       "</div>"
      ],
      "text/plain": [
       "                0           2           3           4\n",
       "count  334.000000  334.000000  334.000000  334.000000\n",
       "mean     0.513154    0.486454    0.492291    0.503541\n",
       "std      0.290124    0.288798    0.284860    0.284230\n",
       "min      0.002170    0.001918    0.007125    0.007061\n",
       "25%      0.266834    0.240380    0.259064    0.262097\n",
       "50%      0.502420    0.474988    0.476798    0.513544\n",
       "75%      0.782008    0.730543    0.723930    0.747131\n",
       "max      0.991451    0.996275    0.985496    0.988636"
      ]
     },
     "execution_count": 20,
     "metadata": {},
     "output_type": "execute_result"
    }
   ],
   "source": [
    "a.describe()"
   ]
  },
  {
   "cell_type": "code",
   "execution_count": 21,
   "id": "101cff30-3c0d-407d-89ea-a9b38b0575c3",
   "metadata": {},
   "outputs": [
    {
     "data": {
      "text/plain": [
       "0    float64\n",
       "1     object\n",
       "2    float64\n",
       "3    float64\n",
       "4    float64\n",
       "dtype: object"
      ]
     },
     "execution_count": 21,
     "metadata": {},
     "output_type": "execute_result"
    }
   ],
   "source": [
    "a.dtypes"
   ]
  },
  {
   "cell_type": "code",
   "execution_count": 22,
   "id": "b92d3006-6328-4621-907e-75d115bf65ad",
   "metadata": {},
   "outputs": [
    {
     "data": {
      "text/plain": [
       "RangeIndex(start=0, stop=334, step=1)"
      ]
     },
     "execution_count": 22,
     "metadata": {},
     "output_type": "execute_result"
    }
   ],
   "source": [
    "a.index"
   ]
  },
  {
   "cell_type": "code",
   "execution_count": 23,
   "id": "186f65d2-c89a-4fb1-a38f-9690753def5d",
   "metadata": {},
   "outputs": [
    {
     "data": {
      "text/plain": [
       "array([[0.3502576032999455, 0.24207289745433147, 0.24611941474669663,\n",
       "        0.7711424793634968, 0.5814144218207642],\n",
       "       [0.3843187420157038, 0.038563586700871344, 0.4910427277113252,\n",
       "        0.8198066585526121, 0.20507695527350578],\n",
       "       [0.4892973428341072, 0.1509305412777151, 0.7394985363322262,\n",
       "        0.10618612709525088, 0.4721688855040467],\n",
       "       ...,\n",
       "       [0.7087977130925134, 0.4924432129152001, 0.28865918694476966,\n",
       "        0.44175763161581916, 0.1812462957240094],\n",
       "       [0.8179702992988912, 0.7536245154999267, 0.44673792654830313,\n",
       "        0.33349736114743334, 0.04054892692603218],\n",
       "       [0.24378639549872205, 0.3793541718892801, 0.7956205457893062,\n",
       "        0.4314970521145475, 0.8838249305357022]], dtype=object)"
      ]
     },
     "execution_count": 23,
     "metadata": {},
     "output_type": "execute_result"
    }
   ],
   "source": [
    "a.to_numpy()"
   ]
  },
  {
   "cell_type": "code",
   "execution_count": 24,
   "id": "530996a9-bf4a-4846-b9ba-20e3421965c7",
   "metadata": {},
   "outputs": [
    {
     "data": {
      "text/html": [
       "<div>\n",
       "<style scoped>\n",
       "    .dataframe tbody tr th:only-of-type {\n",
       "        vertical-align: middle;\n",
       "    }\n",
       "\n",
       "    .dataframe tbody tr th {\n",
       "        vertical-align: top;\n",
       "    }\n",
       "\n",
       "    .dataframe thead th {\n",
       "        text-align: right;\n",
       "    }\n",
       "</style>\n",
       "<table border=\"1\" class=\"dataframe\">\n",
       "  <thead>\n",
       "    <tr style=\"text-align: right;\">\n",
       "      <th></th>\n",
       "      <th>0</th>\n",
       "      <th>1</th>\n",
       "      <th>2</th>\n",
       "      <th>3</th>\n",
       "      <th>4</th>\n",
       "      <th>5</th>\n",
       "      <th>6</th>\n",
       "      <th>7</th>\n",
       "      <th>8</th>\n",
       "      <th>9</th>\n",
       "      <th>...</th>\n",
       "      <th>324</th>\n",
       "      <th>325</th>\n",
       "      <th>326</th>\n",
       "      <th>327</th>\n",
       "      <th>328</th>\n",
       "      <th>329</th>\n",
       "      <th>330</th>\n",
       "      <th>331</th>\n",
       "      <th>332</th>\n",
       "      <th>333</th>\n",
       "    </tr>\n",
       "  </thead>\n",
       "  <tbody>\n",
       "    <tr>\n",
       "      <th>0</th>\n",
       "      <td>0.350258</td>\n",
       "      <td>0.384319</td>\n",
       "      <td>0.489297</td>\n",
       "      <td>0.268713</td>\n",
       "      <td>0.053888</td>\n",
       "      <td>0.190843</td>\n",
       "      <td>0.657115</td>\n",
       "      <td>0.341255</td>\n",
       "      <td>0.888586</td>\n",
       "      <td>0.709195</td>\n",
       "      <td>...</td>\n",
       "      <td>0.433456</td>\n",
       "      <td>0.626876</td>\n",
       "      <td>0.202722</td>\n",
       "      <td>0.404962</td>\n",
       "      <td>0.89614</td>\n",
       "      <td>0.378919</td>\n",
       "      <td>0.793015</td>\n",
       "      <td>0.708798</td>\n",
       "      <td>0.81797</td>\n",
       "      <td>0.243786</td>\n",
       "    </tr>\n",
       "    <tr>\n",
       "      <th>1</th>\n",
       "      <td>0.242073</td>\n",
       "      <td>0.038564</td>\n",
       "      <td>0.150931</td>\n",
       "      <td>0.240207</td>\n",
       "      <td>0.859578</td>\n",
       "      <td>0.668157</td>\n",
       "      <td>0.833915</td>\n",
       "      <td>0.105781</td>\n",
       "      <td>0.236265</td>\n",
       "      <td>0.795721</td>\n",
       "      <td>...</td>\n",
       "      <td>0.127042</td>\n",
       "      <td>0.320103</td>\n",
       "      <td>0.592875</td>\n",
       "      <td>0.547616</td>\n",
       "      <td>0.686122</td>\n",
       "      <td>0.766159</td>\n",
       "      <td>0.287403</td>\n",
       "      <td>0.492443</td>\n",
       "      <td>0.753625</td>\n",
       "      <td>0.379354</td>\n",
       "    </tr>\n",
       "    <tr>\n",
       "      <th>2</th>\n",
       "      <td>0.246119</td>\n",
       "      <td>0.491043</td>\n",
       "      <td>0.739499</td>\n",
       "      <td>0.456132</td>\n",
       "      <td>0.412949</td>\n",
       "      <td>0.095233</td>\n",
       "      <td>0.128086</td>\n",
       "      <td>0.962721</td>\n",
       "      <td>0.038682</td>\n",
       "      <td>0.452507</td>\n",
       "      <td>...</td>\n",
       "      <td>0.900236</td>\n",
       "      <td>0.641934</td>\n",
       "      <td>0.969345</td>\n",
       "      <td>0.227176</td>\n",
       "      <td>0.285353</td>\n",
       "      <td>0.821667</td>\n",
       "      <td>0.777218</td>\n",
       "      <td>0.288659</td>\n",
       "      <td>0.446738</td>\n",
       "      <td>0.795621</td>\n",
       "    </tr>\n",
       "    <tr>\n",
       "      <th>3</th>\n",
       "      <td>0.771142</td>\n",
       "      <td>0.819807</td>\n",
       "      <td>0.106186</td>\n",
       "      <td>0.480277</td>\n",
       "      <td>0.28048</td>\n",
       "      <td>0.151283</td>\n",
       "      <td>0.049655</td>\n",
       "      <td>0.252275</td>\n",
       "      <td>0.944369</td>\n",
       "      <td>0.698013</td>\n",
       "      <td>...</td>\n",
       "      <td>0.533265</td>\n",
       "      <td>0.696649</td>\n",
       "      <td>0.631408</td>\n",
       "      <td>0.596065</td>\n",
       "      <td>0.086426</td>\n",
       "      <td>0.206396</td>\n",
       "      <td>0.689007</td>\n",
       "      <td>0.441758</td>\n",
       "      <td>0.333497</td>\n",
       "      <td>0.431497</td>\n",
       "    </tr>\n",
       "    <tr>\n",
       "      <th>4</th>\n",
       "      <td>0.581414</td>\n",
       "      <td>0.205077</td>\n",
       "      <td>0.472169</td>\n",
       "      <td>0.59662</td>\n",
       "      <td>0.8308</td>\n",
       "      <td>0.164933</td>\n",
       "      <td>0.183125</td>\n",
       "      <td>0.341739</td>\n",
       "      <td>0.560248</td>\n",
       "      <td>0.871538</td>\n",
       "      <td>...</td>\n",
       "      <td>0.557649</td>\n",
       "      <td>0.045609</td>\n",
       "      <td>0.815867</td>\n",
       "      <td>0.865202</td>\n",
       "      <td>0.092425</td>\n",
       "      <td>0.947216</td>\n",
       "      <td>0.891981</td>\n",
       "      <td>0.181246</td>\n",
       "      <td>0.040549</td>\n",
       "      <td>0.883825</td>\n",
       "    </tr>\n",
       "  </tbody>\n",
       "</table>\n",
       "<p>5 rows × 334 columns</p>\n",
       "</div>"
      ],
      "text/plain": [
       "        0         1         2         3         4         5         6    \\\n",
       "0  0.350258  0.384319  0.489297  0.268713  0.053888  0.190843  0.657115   \n",
       "1  0.242073  0.038564  0.150931  0.240207  0.859578  0.668157  0.833915   \n",
       "2  0.246119  0.491043  0.739499  0.456132  0.412949  0.095233  0.128086   \n",
       "3  0.771142  0.819807  0.106186  0.480277   0.28048  0.151283  0.049655   \n",
       "4  0.581414  0.205077  0.472169   0.59662    0.8308  0.164933  0.183125   \n",
       "\n",
       "        7         8         9    ...       324       325       326       327  \\\n",
       "0  0.341255  0.888586  0.709195  ...  0.433456  0.626876  0.202722  0.404962   \n",
       "1  0.105781  0.236265  0.795721  ...  0.127042  0.320103  0.592875  0.547616   \n",
       "2  0.962721  0.038682  0.452507  ...  0.900236  0.641934  0.969345  0.227176   \n",
       "3  0.252275  0.944369  0.698013  ...  0.533265  0.696649  0.631408  0.596065   \n",
       "4  0.341739  0.560248  0.871538  ...  0.557649  0.045609  0.815867  0.865202   \n",
       "\n",
       "        328       329       330       331       332       333  \n",
       "0   0.89614  0.378919  0.793015  0.708798   0.81797  0.243786  \n",
       "1  0.686122  0.766159  0.287403  0.492443  0.753625  0.379354  \n",
       "2  0.285353  0.821667  0.777218  0.288659  0.446738  0.795621  \n",
       "3  0.086426  0.206396  0.689007  0.441758  0.333497  0.431497  \n",
       "4  0.092425  0.947216  0.891981  0.181246  0.040549  0.883825  \n",
       "\n",
       "[5 rows x 334 columns]"
      ]
     },
     "execution_count": 24,
     "metadata": {},
     "output_type": "execute_result"
    }
   ],
   "source": [
    "a.T"
   ]
  },
  {
   "cell_type": "code",
   "execution_count": 32,
   "id": "f45ed399-d0f5-4961-8dc1-b8c9640d278b",
   "metadata": {},
   "outputs": [
    {
     "data": {
      "text/html": [
       "<div>\n",
       "<style scoped>\n",
       "    .dataframe tbody tr th:only-of-type {\n",
       "        vertical-align: middle;\n",
       "    }\n",
       "\n",
       "    .dataframe tbody tr th {\n",
       "        vertical-align: top;\n",
       "    }\n",
       "\n",
       "    .dataframe thead th {\n",
       "        text-align: right;\n",
       "    }\n",
       "</style>\n",
       "<table border=\"1\" class=\"dataframe\">\n",
       "  <thead>\n",
       "    <tr style=\"text-align: right;\">\n",
       "      <th></th>\n",
       "      <th>0</th>\n",
       "      <th>1</th>\n",
       "      <th>2</th>\n",
       "      <th>3</th>\n",
       "      <th>4</th>\n",
       "    </tr>\n",
       "  </thead>\n",
       "  <tbody>\n",
       "    <tr>\n",
       "      <th>0</th>\n",
       "      <td>0.350258</td>\n",
       "      <td>0.242073</td>\n",
       "      <td>0.246119</td>\n",
       "      <td>0.771142</td>\n",
       "      <td>0.581414</td>\n",
       "    </tr>\n",
       "    <tr>\n",
       "      <th>1</th>\n",
       "      <td>0.384319</td>\n",
       "      <td>0.038564</td>\n",
       "      <td>0.491043</td>\n",
       "      <td>0.819807</td>\n",
       "      <td>0.205077</td>\n",
       "    </tr>\n",
       "    <tr>\n",
       "      <th>2</th>\n",
       "      <td>0.489297</td>\n",
       "      <td>0.150931</td>\n",
       "      <td>0.739499</td>\n",
       "      <td>0.106186</td>\n",
       "      <td>0.472169</td>\n",
       "    </tr>\n",
       "    <tr>\n",
       "      <th>3</th>\n",
       "      <td>0.268713</td>\n",
       "      <td>0.240207</td>\n",
       "      <td>0.456132</td>\n",
       "      <td>0.480277</td>\n",
       "      <td>0.596620</td>\n",
       "    </tr>\n",
       "    <tr>\n",
       "      <th>4</th>\n",
       "      <td>0.053888</td>\n",
       "      <td>0.859578</td>\n",
       "      <td>0.412949</td>\n",
       "      <td>0.280480</td>\n",
       "      <td>0.830800</td>\n",
       "    </tr>\n",
       "    <tr>\n",
       "      <th>...</th>\n",
       "      <td>...</td>\n",
       "      <td>...</td>\n",
       "      <td>...</td>\n",
       "      <td>...</td>\n",
       "      <td>...</td>\n",
       "    </tr>\n",
       "    <tr>\n",
       "      <th>329</th>\n",
       "      <td>0.378919</td>\n",
       "      <td>0.766159</td>\n",
       "      <td>0.821667</td>\n",
       "      <td>0.206396</td>\n",
       "      <td>0.947216</td>\n",
       "    </tr>\n",
       "    <tr>\n",
       "      <th>330</th>\n",
       "      <td>0.793015</td>\n",
       "      <td>0.287403</td>\n",
       "      <td>0.777218</td>\n",
       "      <td>0.689007</td>\n",
       "      <td>0.891981</td>\n",
       "    </tr>\n",
       "    <tr>\n",
       "      <th>331</th>\n",
       "      <td>0.708798</td>\n",
       "      <td>0.492443</td>\n",
       "      <td>0.288659</td>\n",
       "      <td>0.441758</td>\n",
       "      <td>0.181246</td>\n",
       "    </tr>\n",
       "    <tr>\n",
       "      <th>332</th>\n",
       "      <td>0.817970</td>\n",
       "      <td>0.753625</td>\n",
       "      <td>0.446738</td>\n",
       "      <td>0.333497</td>\n",
       "      <td>0.040549</td>\n",
       "    </tr>\n",
       "    <tr>\n",
       "      <th>333</th>\n",
       "      <td>0.243786</td>\n",
       "      <td>0.379354</td>\n",
       "      <td>0.795621</td>\n",
       "      <td>0.431497</td>\n",
       "      <td>0.883825</td>\n",
       "    </tr>\n",
       "  </tbody>\n",
       "</table>\n",
       "<p>334 rows × 5 columns</p>\n",
       "</div>"
      ],
      "text/plain": [
       "            0         1         2         3         4\n",
       "0    0.350258  0.242073  0.246119  0.771142  0.581414\n",
       "1    0.384319  0.038564  0.491043  0.819807  0.205077\n",
       "2    0.489297  0.150931  0.739499  0.106186  0.472169\n",
       "3    0.268713  0.240207  0.456132  0.480277  0.596620\n",
       "4    0.053888  0.859578  0.412949  0.280480  0.830800\n",
       "..        ...       ...       ...       ...       ...\n",
       "329  0.378919  0.766159  0.821667  0.206396  0.947216\n",
       "330  0.793015  0.287403  0.777218  0.689007  0.891981\n",
       "331  0.708798  0.492443  0.288659  0.441758  0.181246\n",
       "332  0.817970  0.753625  0.446738  0.333497  0.040549\n",
       "333  0.243786  0.379354  0.795621  0.431497  0.883825\n",
       "\n",
       "[334 rows x 5 columns]"
      ]
     },
     "execution_count": 32,
     "metadata": {},
     "output_type": "execute_result"
    }
   ],
   "source": [
    "a"
   ]
  },
  {
   "cell_type": "code",
   "execution_count": 33,
   "id": "7def9db8-ab20-49c7-a6c2-e502c0646451",
   "metadata": {},
   "outputs": [
    {
     "data": {
      "text/html": [
       "<div>\n",
       "<style scoped>\n",
       "    .dataframe tbody tr th:only-of-type {\n",
       "        vertical-align: middle;\n",
       "    }\n",
       "\n",
       "    .dataframe tbody tr th {\n",
       "        vertical-align: top;\n",
       "    }\n",
       "\n",
       "    .dataframe thead th {\n",
       "        text-align: right;\n",
       "    }\n",
       "</style>\n",
       "<table border=\"1\" class=\"dataframe\">\n",
       "  <thead>\n",
       "    <tr style=\"text-align: right;\">\n",
       "      <th></th>\n",
       "      <th>4</th>\n",
       "      <th>3</th>\n",
       "      <th>2</th>\n",
       "      <th>1</th>\n",
       "      <th>0</th>\n",
       "    </tr>\n",
       "  </thead>\n",
       "  <tbody>\n",
       "    <tr>\n",
       "      <th>0</th>\n",
       "      <td>0.581414</td>\n",
       "      <td>0.771142</td>\n",
       "      <td>0.246119</td>\n",
       "      <td>0.242073</td>\n",
       "      <td>0.350258</td>\n",
       "    </tr>\n",
       "    <tr>\n",
       "      <th>1</th>\n",
       "      <td>0.205077</td>\n",
       "      <td>0.819807</td>\n",
       "      <td>0.491043</td>\n",
       "      <td>0.038564</td>\n",
       "      <td>0.384319</td>\n",
       "    </tr>\n",
       "    <tr>\n",
       "      <th>2</th>\n",
       "      <td>0.472169</td>\n",
       "      <td>0.106186</td>\n",
       "      <td>0.739499</td>\n",
       "      <td>0.150931</td>\n",
       "      <td>0.489297</td>\n",
       "    </tr>\n",
       "    <tr>\n",
       "      <th>3</th>\n",
       "      <td>0.596620</td>\n",
       "      <td>0.480277</td>\n",
       "      <td>0.456132</td>\n",
       "      <td>0.240207</td>\n",
       "      <td>0.268713</td>\n",
       "    </tr>\n",
       "    <tr>\n",
       "      <th>4</th>\n",
       "      <td>0.830800</td>\n",
       "      <td>0.280480</td>\n",
       "      <td>0.412949</td>\n",
       "      <td>0.859578</td>\n",
       "      <td>0.053888</td>\n",
       "    </tr>\n",
       "    <tr>\n",
       "      <th>...</th>\n",
       "      <td>...</td>\n",
       "      <td>...</td>\n",
       "      <td>...</td>\n",
       "      <td>...</td>\n",
       "      <td>...</td>\n",
       "    </tr>\n",
       "    <tr>\n",
       "      <th>329</th>\n",
       "      <td>0.947216</td>\n",
       "      <td>0.206396</td>\n",
       "      <td>0.821667</td>\n",
       "      <td>0.766159</td>\n",
       "      <td>0.378919</td>\n",
       "    </tr>\n",
       "    <tr>\n",
       "      <th>330</th>\n",
       "      <td>0.891981</td>\n",
       "      <td>0.689007</td>\n",
       "      <td>0.777218</td>\n",
       "      <td>0.287403</td>\n",
       "      <td>0.793015</td>\n",
       "    </tr>\n",
       "    <tr>\n",
       "      <th>331</th>\n",
       "      <td>0.181246</td>\n",
       "      <td>0.441758</td>\n",
       "      <td>0.288659</td>\n",
       "      <td>0.492443</td>\n",
       "      <td>0.708798</td>\n",
       "    </tr>\n",
       "    <tr>\n",
       "      <th>332</th>\n",
       "      <td>0.040549</td>\n",
       "      <td>0.333497</td>\n",
       "      <td>0.446738</td>\n",
       "      <td>0.753625</td>\n",
       "      <td>0.817970</td>\n",
       "    </tr>\n",
       "    <tr>\n",
       "      <th>333</th>\n",
       "      <td>0.883825</td>\n",
       "      <td>0.431497</td>\n",
       "      <td>0.795621</td>\n",
       "      <td>0.379354</td>\n",
       "      <td>0.243786</td>\n",
       "    </tr>\n",
       "  </tbody>\n",
       "</table>\n",
       "<p>334 rows × 5 columns</p>\n",
       "</div>"
      ],
      "text/plain": [
       "            4         3         2         1         0\n",
       "0    0.581414  0.771142  0.246119  0.242073  0.350258\n",
       "1    0.205077  0.819807  0.491043  0.038564  0.384319\n",
       "2    0.472169  0.106186  0.739499  0.150931  0.489297\n",
       "3    0.596620  0.480277  0.456132  0.240207  0.268713\n",
       "4    0.830800  0.280480  0.412949  0.859578  0.053888\n",
       "..        ...       ...       ...       ...       ...\n",
       "329  0.947216  0.206396  0.821667  0.766159  0.378919\n",
       "330  0.891981  0.689007  0.777218  0.287403  0.793015\n",
       "331  0.181246  0.441758  0.288659  0.492443  0.708798\n",
       "332  0.040549  0.333497  0.446738  0.753625  0.817970\n",
       "333  0.883825  0.431497  0.795621  0.379354  0.243786\n",
       "\n",
       "[334 rows x 5 columns]"
      ]
     },
     "execution_count": 33,
     "metadata": {},
     "output_type": "execute_result"
    }
   ],
   "source": [
    "a.sort_index(axis=1, ascending = False)"
   ]
  },
  {
   "cell_type": "code",
   "execution_count": 34,
   "id": "61c203fd-900f-41c3-b6fd-d3fa59ff7be1",
   "metadata": {},
   "outputs": [
    {
     "data": {
      "text/plain": [
       "pandas.core.series.Series"
      ]
     },
     "execution_count": 34,
     "metadata": {},
     "output_type": "execute_result"
    }
   ],
   "source": [
    "type(a[4])"
   ]
  },
  {
   "cell_type": "code",
   "execution_count": 36,
   "id": "d802de8c-c55e-44ae-bebf-60c49cce27be",
   "metadata": {},
   "outputs": [],
   "source": [
    "a.columns = list(\"abcde\")"
   ]
  },
  {
   "cell_type": "code",
   "execution_count": 37,
   "id": "7c5f4007-015f-4c78-9380-e1b32ee0e4c8",
   "metadata": {},
   "outputs": [
    {
     "data": {
      "text/html": [
       "<div>\n",
       "<style scoped>\n",
       "    .dataframe tbody tr th:only-of-type {\n",
       "        vertical-align: middle;\n",
       "    }\n",
       "\n",
       "    .dataframe tbody tr th {\n",
       "        vertical-align: top;\n",
       "    }\n",
       "\n",
       "    .dataframe thead th {\n",
       "        text-align: right;\n",
       "    }\n",
       "</style>\n",
       "<table border=\"1\" class=\"dataframe\">\n",
       "  <thead>\n",
       "    <tr style=\"text-align: right;\">\n",
       "      <th></th>\n",
       "      <th>a</th>\n",
       "      <th>b</th>\n",
       "      <th>c</th>\n",
       "      <th>d</th>\n",
       "      <th>e</th>\n",
       "    </tr>\n",
       "  </thead>\n",
       "  <tbody>\n",
       "    <tr>\n",
       "      <th>0</th>\n",
       "      <td>0.350258</td>\n",
       "      <td>0.242073</td>\n",
       "      <td>0.246119</td>\n",
       "      <td>0.771142</td>\n",
       "      <td>0.581414</td>\n",
       "    </tr>\n",
       "    <tr>\n",
       "      <th>1</th>\n",
       "      <td>0.384319</td>\n",
       "      <td>0.038564</td>\n",
       "      <td>0.491043</td>\n",
       "      <td>0.819807</td>\n",
       "      <td>0.205077</td>\n",
       "    </tr>\n",
       "    <tr>\n",
       "      <th>2</th>\n",
       "      <td>0.489297</td>\n",
       "      <td>0.150931</td>\n",
       "      <td>0.739499</td>\n",
       "      <td>0.106186</td>\n",
       "      <td>0.472169</td>\n",
       "    </tr>\n",
       "    <tr>\n",
       "      <th>3</th>\n",
       "      <td>0.268713</td>\n",
       "      <td>0.240207</td>\n",
       "      <td>0.456132</td>\n",
       "      <td>0.480277</td>\n",
       "      <td>0.596620</td>\n",
       "    </tr>\n",
       "    <tr>\n",
       "      <th>4</th>\n",
       "      <td>0.053888</td>\n",
       "      <td>0.859578</td>\n",
       "      <td>0.412949</td>\n",
       "      <td>0.280480</td>\n",
       "      <td>0.830800</td>\n",
       "    </tr>\n",
       "    <tr>\n",
       "      <th>...</th>\n",
       "      <td>...</td>\n",
       "      <td>...</td>\n",
       "      <td>...</td>\n",
       "      <td>...</td>\n",
       "      <td>...</td>\n",
       "    </tr>\n",
       "    <tr>\n",
       "      <th>329</th>\n",
       "      <td>0.378919</td>\n",
       "      <td>0.766159</td>\n",
       "      <td>0.821667</td>\n",
       "      <td>0.206396</td>\n",
       "      <td>0.947216</td>\n",
       "    </tr>\n",
       "    <tr>\n",
       "      <th>330</th>\n",
       "      <td>0.793015</td>\n",
       "      <td>0.287403</td>\n",
       "      <td>0.777218</td>\n",
       "      <td>0.689007</td>\n",
       "      <td>0.891981</td>\n",
       "    </tr>\n",
       "    <tr>\n",
       "      <th>331</th>\n",
       "      <td>0.708798</td>\n",
       "      <td>0.492443</td>\n",
       "      <td>0.288659</td>\n",
       "      <td>0.441758</td>\n",
       "      <td>0.181246</td>\n",
       "    </tr>\n",
       "    <tr>\n",
       "      <th>332</th>\n",
       "      <td>0.817970</td>\n",
       "      <td>0.753625</td>\n",
       "      <td>0.446738</td>\n",
       "      <td>0.333497</td>\n",
       "      <td>0.040549</td>\n",
       "    </tr>\n",
       "    <tr>\n",
       "      <th>333</th>\n",
       "      <td>0.243786</td>\n",
       "      <td>0.379354</td>\n",
       "      <td>0.795621</td>\n",
       "      <td>0.431497</td>\n",
       "      <td>0.883825</td>\n",
       "    </tr>\n",
       "  </tbody>\n",
       "</table>\n",
       "<p>334 rows × 5 columns</p>\n",
       "</div>"
      ],
      "text/plain": [
       "            a         b         c         d         e\n",
       "0    0.350258  0.242073  0.246119  0.771142  0.581414\n",
       "1    0.384319  0.038564  0.491043  0.819807  0.205077\n",
       "2    0.489297  0.150931  0.739499  0.106186  0.472169\n",
       "3    0.268713  0.240207  0.456132  0.480277  0.596620\n",
       "4    0.053888  0.859578  0.412949  0.280480  0.830800\n",
       "..        ...       ...       ...       ...       ...\n",
       "329  0.378919  0.766159  0.821667  0.206396  0.947216\n",
       "330  0.793015  0.287403  0.777218  0.689007  0.891981\n",
       "331  0.708798  0.492443  0.288659  0.441758  0.181246\n",
       "332  0.817970  0.753625  0.446738  0.333497  0.040549\n",
       "333  0.243786  0.379354  0.795621  0.431497  0.883825\n",
       "\n",
       "[334 rows x 5 columns]"
      ]
     },
     "execution_count": 37,
     "metadata": {},
     "output_type": "execute_result"
    }
   ],
   "source": [
    "a\n"
   ]
  },
  {
   "cell_type": "code",
   "execution_count": 38,
   "id": "0ae667de-d280-486f-9202-ddc8ca1f98e1",
   "metadata": {},
   "outputs": [
    {
     "data": {
      "text/plain": [
       "['a', 'd', 'f', 'd', 'f', 'f']"
      ]
     },
     "execution_count": 38,
     "metadata": {},
     "output_type": "execute_result"
    }
   ],
   "source": [
    "list(\"adfdff\")"
   ]
  },
  {
   "cell_type": "code",
   "execution_count": 39,
   "id": "07699e64-0fbc-4102-9c61-24832e33c134",
   "metadata": {},
   "outputs": [
    {
     "data": {
      "text/html": [
       "<div>\n",
       "<style scoped>\n",
       "    .dataframe tbody tr th:only-of-type {\n",
       "        vertical-align: middle;\n",
       "    }\n",
       "\n",
       "    .dataframe tbody tr th {\n",
       "        vertical-align: top;\n",
       "    }\n",
       "\n",
       "    .dataframe thead th {\n",
       "        text-align: right;\n",
       "    }\n",
       "</style>\n",
       "<table border=\"1\" class=\"dataframe\">\n",
       "  <thead>\n",
       "    <tr style=\"text-align: right;\">\n",
       "      <th></th>\n",
       "      <th>a</th>\n",
       "      <th>b</th>\n",
       "      <th>c</th>\n",
       "      <th>d</th>\n",
       "      <th>e</th>\n",
       "    </tr>\n",
       "  </thead>\n",
       "  <tbody>\n",
       "    <tr>\n",
       "      <th>0</th>\n",
       "      <td>0.350258</td>\n",
       "      <td>0.242073</td>\n",
       "      <td>0.246119</td>\n",
       "      <td>0.771142</td>\n",
       "      <td>0.581414</td>\n",
       "    </tr>\n",
       "    <tr>\n",
       "      <th>1</th>\n",
       "      <td>0.384319</td>\n",
       "      <td>0.038564</td>\n",
       "      <td>0.491043</td>\n",
       "      <td>0.819807</td>\n",
       "      <td>0.205077</td>\n",
       "    </tr>\n",
       "    <tr>\n",
       "      <th>2</th>\n",
       "      <td>0.489297</td>\n",
       "      <td>0.150931</td>\n",
       "      <td>0.739499</td>\n",
       "      <td>0.106186</td>\n",
       "      <td>0.472169</td>\n",
       "    </tr>\n",
       "    <tr>\n",
       "      <th>3</th>\n",
       "      <td>0.268713</td>\n",
       "      <td>0.240207</td>\n",
       "      <td>0.456132</td>\n",
       "      <td>0.480277</td>\n",
       "      <td>0.596620</td>\n",
       "    </tr>\n",
       "    <tr>\n",
       "      <th>4</th>\n",
       "      <td>0.053888</td>\n",
       "      <td>0.859578</td>\n",
       "      <td>0.412949</td>\n",
       "      <td>0.280480</td>\n",
       "      <td>0.830800</td>\n",
       "    </tr>\n",
       "    <tr>\n",
       "      <th>...</th>\n",
       "      <td>...</td>\n",
       "      <td>...</td>\n",
       "      <td>...</td>\n",
       "      <td>...</td>\n",
       "      <td>...</td>\n",
       "    </tr>\n",
       "    <tr>\n",
       "      <th>329</th>\n",
       "      <td>0.378919</td>\n",
       "      <td>0.766159</td>\n",
       "      <td>0.821667</td>\n",
       "      <td>0.206396</td>\n",
       "      <td>0.947216</td>\n",
       "    </tr>\n",
       "    <tr>\n",
       "      <th>330</th>\n",
       "      <td>0.793015</td>\n",
       "      <td>0.287403</td>\n",
       "      <td>0.777218</td>\n",
       "      <td>0.689007</td>\n",
       "      <td>0.891981</td>\n",
       "    </tr>\n",
       "    <tr>\n",
       "      <th>331</th>\n",
       "      <td>0.708798</td>\n",
       "      <td>0.492443</td>\n",
       "      <td>0.288659</td>\n",
       "      <td>0.441758</td>\n",
       "      <td>0.181246</td>\n",
       "    </tr>\n",
       "    <tr>\n",
       "      <th>332</th>\n",
       "      <td>0.817970</td>\n",
       "      <td>0.753625</td>\n",
       "      <td>0.446738</td>\n",
       "      <td>0.333497</td>\n",
       "      <td>0.040549</td>\n",
       "    </tr>\n",
       "    <tr>\n",
       "      <th>333</th>\n",
       "      <td>0.243786</td>\n",
       "      <td>0.379354</td>\n",
